0	48608
0.25	47942
0.5	46406
0.75	45029
1	44376
1.25	44148
1.5	43645
1.75	43868
2	43195
2.25	43854
2.5	42644
2.75	42011
3	41178
3.25	40822
3.5	40264
3.75	39938
4	39655		
4.25	39465		
4.5	39290		
4.75	39677		
5	39950		
5.25	40505		
5.5	41330		
5.75	42035		
6	42820		
6.25	44102		
6.5	44917		
6.75	45817		
7	46750		
7.25	47439		
7.5	48381		
7.75	48912		
8	50305
8.25	51062
8.5	51803
8.75	52591
9	53019
9.25	53400
9.5	53800
9.75	54500
10	54619
10.25	54997
10.5	55124
10.75	55450
11	55686
11.25	55768
11.5	55800
11.75	56281
12	56675
12.25	56386
12.5	56266
12.75	56986
13	56206
13.25	56003
13.5	55788
13.75	55764
14	55812
14.25	56221
14.5	55769
14.75	55602
15	54973
15.25	54500
15.5	54062
15.75	53709
16	53612
16.25	53120
16.5	52900
16.75	52607
17	52383
17.25	51803
17.5	51436
17.75	51269
18	51601
18.25	51641
18.5	52021
18.75	52813
19	53071
19.25	53000
19.5	52635
19.75	52450
20	51964
20.25	51875
20.5	51873
20.75	52647
21	52121
21.25	52196
21.5	51099
21.75	50760
22	49684
22.25	49938
22.5	50165
22.75	52265
23	51329
23.25	51162
23.5	50333
23.75	50790
24      50500